15
60 -69 88 42 -18 85 -65 -53 -27 -24 -56 -58 -39 47 -46
-12 -52 47 -78 55 70 -9 -24 -98 -20 36 20 -8 18 -72
54 -60 21 -42 -92 -53 -3 62 3 51 -65 -45 -32 74 90
91 44 -71 -54 -61 -13 25 56 21 28 -85 -36 -47 53 -17
-69 -76 -46 11 34 -70 -8 -15 39 60 75 -35 1 -82 67
6 -61 68 36 -46 29 -16 -41 -54 -32 24 -32 44 41 -55
12 97 70 16 37 31 -36 99 10 -67 -94 -38 -12 -39 1
50 73 95 -96 97 85 -89 -31 30 94 -52 -84 61 65 69
81 75 -28 60 -92 -23 24 90 -17 100 -65 9 -39 -29 -77
-4 66 -100 -8 -3 33 39 62 60 -35 -53 1 34 71 -40
34 15 -62 -100 45 59 -78 43 -95 -21 98 -23 31 -25 -98
77 -87 -2 100 -1 -78 85 -50 -42 -49 6 29 51 51 -86
-95 -40 48 -76 51 -74 -32 75 -56 31 -17 69 -26 -76 34
36 -69 -60 43 -19 4 -26 8 47 82 86 58 98 59 68
89 -77 92 -78 -90 38 -100 -78 -89 -92 -71 42 -17 -17 -30
